v -0.0565869 0.24863 -0.00294908
v -0.118059 0.309959 0.065355
v 0.0121371 0.266231 0.0429718
v -0.0286288 0.372852 -0.0512229
v 0.0386668 0.24713 0.0638724
v -0.0284783 0.322038 -0.0172256
v -0.0127323 0.238371 0.080322
v -0.0559571 0.36072 -0.0120558
v -0.17585 0.21479 0.0169104
v 0.0338345 0.0756121 0.0854289
v 0.0648629 0.179168 0.0867707
v -0.111941 0.264309 0.072129
v -0.122755 0.289815 -0.00972774
v -0.151342 0.287677 -0.0149651
v -0.182493 0.273402 0.0389689
v -0.104703 0.309275 0.0256365
v -0.15035 0.225956 -0.0171925
v 0.0298275 0.205405 -0.042931
v -0.0780633 0.0955797 0.0786187
v -0.18326 0.304673 0.0345915
v -0.169218 0.1588 -0.00548586
v 0.0974422 0.157013 0.0310638
v -0.12044 0.308214 -0.00158156
v -0.143455 0.332569 -0.0911108
v -0.0352103 0.101591 0.0976108
v -0.0184572 0.192064 0.111299
v -0.0870483 0.259883 0.0284377
v 0.0292108 0.201028 0.0943463
v 0.0082378 0.10995 0.110396
v 0.100293 0.0940583 0.0578169
v -0.103591 0.102287 0.0649322
v -0.0667286 0.200164 0.0853658
v 0.0392783 0.116282 0.0958362
v 0.0649791 0.237184 -0.000242368
v -0.0539482 0.11046 0.0721644
v -0.0112123 0.141586 0.116906
v -0.0012604 0.258728 -0.0090105
v -0.175086 0.160859 0.0412794
v -0.191055 0.240385 0.0251861
v -0.0946861 0.1341 0.0796054
v -0.0980829 0.284145 0.00669947
v -0.159902 0.348519 -0.0936986
v -0.113078 0.202617 -0.0417591
v -0.163805 0.251891 -0.0127226
v 0.00444556 0.157014 -0.0721376
v -0.186282 0.232254 0.0870309
v -0.0460074 0.164102 0.1126
v -0.103643 0.257707 -0.0111864
v -0.145526 0.139035 0.0632403
v -0.103615 0.182064 0.0921081
v -0.137178 0.231142 0.107614
v -0.0562639 0.246628 0.0500938
v -0.156892 0.215664 0.0680925
v -0.122112 0.344367 -0.114066
v -0.141408 0.302006 -0.0979706
v -0.0631576 0.179262 0.0876806
v -0.0193971 0.342297 -0.0498778
v 0.0595608 0.232266 0.0646718
v -0.112015 0.229067 0.071417
v -0.0580101 0.0767743 0.111865
v -0.117607 0.0707386 0.0962418
v 0.0775999 0.115224 0.0658147
v 0.121072 0.143093 0.0199514
v 0.0202676 0.168967 0.111998
v -0.146464 0.31207 0.00313194
v 0.0591053 0.0698194 0.00600211
v -0.143489 0.364524 -0.111942
v 0.0852225 0.127084 -0.00994639
v 0.120245 0.111245 0.0131649
v 0.000116112 0.22841 -0.0408871
v -0.0804353 0.0684742 -0.0628688
v 0.0295652 0.188641 -0.0557387
v 0.0975184 0.109044 -0.0144338
v 0.0749747 0.191364 -0.0296617
v 0.043854 0.10189 -0.0514991
v -0.0642149 0.22457 -0.0364498
v -0.140653 0.170684 0.0892993
v 0.109211 0.138181 0.0540101
v -0.126958 0.0945819 0.0762505
v -0.125129 0.0966337 0.00979338
v -0.156864 0.270822 0.108448
v -0.0967099 0.105591 0.0322343
v -0.0945222 0.0923236 -0.0208316
v -0.151068 0.0683126 -0.00129478
v -0.0649718 0.105525 -0.0185411
v -0.121419 0.114854 0.00520298
v -0.102015 0.133758 -0.0260375
v 0.0273165 0.0700756 -0.0422859
v -0.0601039 0.175375 -0.0754819
v -0.0482084 0.0940448 -0.0579658
v -0.0385414 0.136902 -0.0778731
v -0.0731674 0.176154 -0.0474219
v -0.128142 0.155582 -0.0397306
v -0.0840978 0.0679573 -0.0358748
v 0.0186533 0.0744579 -0.0243413
v -0.0753095 0.0775113 -0.0313599
v -0.00781281 0.0734449 0.0276686
v 0.0453953 0.0714607 0.0557551
v -0.0570905 0.0733446 0.0281893
v -0.130187 0.0673645 0.0428258
v 0.0134062 0.0792557 0.0675821
v -0.0702811 0.070261 0.0859637
f 53 54 66
f 23 66 54
f 41 66 23
f 53 12 54
f 90 88 44
f 54 13 23
f 44 88 71
f 44 74 90
f 74 89 90
f 41 64 66
f 89 88 90
f 88 91 17
f 89 87 70
f 88 17 71
f 74 44 71
f 70 87 93
f 82 89 70
f 91 88 89
f 74 87 89
f 69 17 91
f 71 73 74
f 69 91 75
f 5 56 3
f 13 54 12
f 23 13 41
f 91 89 84
f 42 91 92
f 87 94 93
f 75 91 42
f 91 86 92
f 71 17 73
f 53 66 64
f 3 56 22
f 95 93 94
f 47 75 42
f 67 74 73
f 75 36 69
f 93 82 70
f 89 82 84
f 42 92 16
f 69 73 17
f 42 16 47
f 84 86 91
f 92 20 16
f 84 82 86
f 33 73 69
f 15 5 3
f 83 82 93
f 12 53 64
f 86 85 92
f 85 20 92
f 56 40 22
f 13 64 41
f 94 87 65
f 16 43 13
f 16 13 47
f 65 74 67
f 47 0 75
f 87 74 65
f 5 40 56
f 95 94 98
f 15 3 7
f 12 47 13
f 69 36 33
f 72 65 67
f 83 79 82
f 16 8 43
f 67 73 21
f 86 82 85
f 12 40 47
f 95 98 93
f 7 3 22
f 47 26 0
f 22 40 12
f 94 65 96
f 20 8 16
f 22 15 7
f 75 0 36
f 43 38 13
f 82 79 85
f 43 8 38
f 33 21 73
f 72 62 68
f 13 19 64
f 40 26 47
f 94 96 98
f 12 64 22
f 72 67 62
f 15 40 5
f 65 72 68
f 37 20 85
f 83 93 99
f 33 36 2
f 36 0 2
f 93 98 99
f 38 14 13
f 51 2 0
f 51 0 26
f 65 68 29
f 62 67 21
f 19 13 14
f 85 79 81
f 1 15 22
f 97 96 65
f 62 21 77
f 79 99 81
f 99 98 101
f 37 85 48
f 83 99 79
f 8 20 37
f 1 64 19
f 65 29 97
f 57 33 2
f 22 64 1
f 62 29 68
f 48 85 81
f 33 57 21
f 26 40 11
f 38 8 52
f 99 78 81
f 29 62 77
f 1 40 15
f 8 37 52
f 6 2 51
f 78 30 81
f 81 39 48
f 38 45 14
f 98 96 101
f 57 2 4
f 1 11 40
f 39 81 30
f 10 21 57
f 11 58 26
f 96 97 100
f 37 76 52
f 61 77 21
f 61 21 10
f 29 61 97
f 58 51 26
f 6 4 2
f 37 48 76
f 29 77 61
f 38 52 45
f 48 39 76
f 99 101 60
f 19 14 45
f 61 9 97
f 58 31 51
f 80 1 19
f 96 100 101
f 19 45 80
f 31 6 51
f 6 57 4
f 18 34 55
f 39 30 18
f 99 60 78
f 76 58 52
f 100 97 101
f 52 58 50
f 49 31 58
f 1 80 11
f 32 9 61
f 32 61 10
f 101 97 9
f 45 52 50
f 78 18 30
f 76 49 58
f 18 55 39
f 39 55 31
f 49 39 31
f 101 18 60
f 55 34 46
f 50 58 11
f 27 10 57
f 76 39 49
f 57 6 27
f 31 27 6
f 34 59 24
f 80 50 11
f 18 59 34
f 78 60 18
f 28 9 32
f 46 34 24
f 101 9 59
f 101 59 18
f 31 55 25
f 45 50 80
f 25 27 31
f 28 24 9
f 63 32 10
f 24 59 9
f 63 28 32
f 63 10 27
f 35 24 28
f 27 25 63
f 55 46 25
f 46 24 35
f 35 28 63
f 46 35 25
f 25 35 63
